2.240590e+00 
1.582085e+00 
7.856901e-01 
9.269450e-01 
-1.918726e+00 
-2.042790e+00 
-7.879859e-01 
-4.869862e-01 
-1.477250e+00 
-5.459762e-01 
7.207142e-01 
-9.046598e-01 
-3.203823e+00 
1.806172e+00 
3.501390e+00 
2.926661e+00 
-1.027230e-01 
-1.326121e+00 
2.749313e-02 
-2.004885e+00 
1.131168e+00 
1.590847e+00 
8.533711e-01 
2.014248e-01 
-6.790646e-01 
-2.085974e+00 
-8.858968e-01 
7.187589e-01 
-2.020560e+00 
-1.425043e+00 
8.924559e-01 
-2.718672e+00 
8.747286e-01 
2.049605e+00 
-6.617014e-01 
-2.191316e+00 
-1.190511e+00 
-2.001529e+00 
3.784539e-01 
-8.539456e-01 
-5.584956e-01 
-1.803764e+00 
-1.812837e-01 
3.959393e+00 
-1.187221e+00 
-1.825100e+00 
6.391653e-01 
6.296126e-01 
1.102231e+00 
-2.431192e+00 
